630.8630929127798
1183.5975002792698
828.6718914955236
904.3526543768639
631.9386516250847
1079.3091208170995
475.7081670812222
1129.5338972131976
1169.1484392381853
1053.0952880846726
8.824271178709296
49.95414390540418
244.72800123053457
394.4068978692326
1119.2441824429893
718.3322151391621
933.6262361736019
491.3470964718099
983.9918323253005
402.0604774536482
916.0956411616528
832.0318949917732
476.20840299833094
562.6767441066627
175.70926872488144
488.9612108866213
463.45090384551304
265.32287350985507
467.8179041906692
205.74331826208527
317.0850959177901
981.1078846417429
741.6499201002521
181.17384916824585
907.6745612296577
265.32287350985507
464.2120643240919
488.5546553851277
46.359692479888054
30.658399305490093
8.275056023881461
224.84876696209813
306.4397173957941
978.1066093768877
1065.3958720404248
1267.5370803453507
1126.0374826769516
983.2973923253003
282.3925868307706
341.32611327474706