124.17663969778505
224.4128500770812
471.98000713333386
70.95755080386107
1273.017615697645
173.3268675832096
913.0218943995633
993.3113589400082
182.75708405703608
835.0627653481081
311.8776055157655
242.40044053521706
156.7332738807163
253.93437658853236
291.21404040007974
224.12185567139568
801.444626942955
91.79074848428809
91.77868762755679
727.8166164772076
652.7614706560712
577.7019887369343
45.816594711292964
79.69341114725103
425.4180656383528
25.24900473835669
172.35143176523889
4.830950895996011
48.69774820890143
336.0031302259681
1064.096919666324
697.5628457006378
305.5099070918918
144.7070572558241
511.117631798641
959.903434359242
114.90064753744309
973.6373441870469
808.4589535766011
1485.4838746885157
550.8788989447962
1066.2905768163248
747.4029886188996
608.5576711064618
147.51774071964746
24.820339152767247
273.51731117866075
94.81161961919679
799.2127978169547
25.248945194000953