86.24867325967216
135.73873001500306
2.497938162018272
31.381030112596818
815.3087718048102
1150.5982483001146
1110.2440066840732
380.4632911094973
1152.9235484953192
487.68881426043254
487.68881426043254
69.09217539206065
232.62504627597536
138.08313914466225
862.8673862629121
558.9227011328308
144.91147758795842
287.01578357413246
392.2000050927272
527.1516283642654
203.26369569246026
21.940057556570537
658.1477783203995
246.95932367865362
99.58784116016022
177.2349801524897
933.9504971411538
379.5568849460915
153.43368477680815
393.1160031337381
6.576709650936209
360.64427464236906
347.2229096081046
231.9076631491548
468.1602583344445
862.7963518367224
1535.9293754010823
176.90246015249022
366.9682945069103
372.2021392667325
198.33269901244648
1149.721587451806
232.7299766415931
1111.7829463046492
307.54005977409224
268.8619478533501
151.41458338994426
705.3384606332479
234.4824864309453
319.67542704165726
0.547334252222754
312.46187164132516
437.91244317617793
881.9905136364403
41.86775907452693
867.7790150224359
469.7500912412893
233.14146569858895
432.0067784011485
409.4554455994828
725.5385141515771
176.59671081114084
487.55155295292525
1015.9171039484413
762.199080798779
176.03253654790706
59.77029924628687
477.5158170952268
344.31236699198007
112.54240194337899
1450.9429016559095
591.0494824765283
785.0631046061831
509.54718529759293
364.9216951743779
1.2645160398915323
73.93833051454749
78.78774762755438
717.6432853090403
772.3790663705672
289.2203660705809
57.75885287691199
1282.1072855338577
59.38604657297901
535.2285567235378
1029.7189083767903
426.9611632642136
603.2097359884226
204.77312965286774
7.2856103634526335
769.7939589792686
670.6448461555169
358.36051561781824
942.786060659088
264.8417202936512
235.83209124437235
372.9004673203549
649.3139987060777
750.0331288414018
441.4336067619515
328.66675561048714
5.076364187763829
88.34186435816719
720.4072600209508
159.54805281003792
156.55382908825186
1458.1816082700207
838.0821008776547
755.3308337433739
223.64992980055194
970.5793346677679
251.28227079463113
861.6144449710885
415.5988954739373
145.17317211278078
499.5367136501559
463.6595876751503
19.422103594860346
26.042885311167538
496.94566945617544
57.764898105343036
461.178077682991
418.1207725745471
1477.614743599148
1670.8274473616927
